chisquare_statistic p_value
0 1
0.1 0.991837423731876
0.2 0.977589297761649
0.3 0.960028480306878
0.4 0.940242494839361
0.5 0.918891411654676
0.6 0.896432373341912
0.7 0.873203949063954
0.8 0.849467033391825
0.9 0.825427809041661
1 0.801251956901201
1.1 0.777074083614319
1.2 0.753004311656458
1.3 0.729133076271248
1.4 0.705534731204091
1.5 0.682270330336213
1.6 0.659389819711985
1.7 0.636933795652739
1.8 0.614934935782537
1.9 0.593419178362416
2 0.572406704470879
2.1 0.551912763339711
2.2 0.531948371210487
2.3 0.512520906977145
2.4 0.493634622711729
2.5 0.475291083343021
2.6 0.457489546878183
2.7 0.440227294360231
2.8 0.423499917055459
2.9 0.407301567035948
3 0.391625176271089
3.1 0.376462648502266
3.2 0.361805027497532
3.3 0.347642644732274
3.4 0.33396524909016
3.5 0.320762120805639
3.6 0.308022171558994
3.7 0.295734032375276
3.8 0.283886130759827
3.9 0.272466758317988
4 0.261464129949111
4.1 0.250866435570293
4.2 0.240661885209616
4.3 0.230838748208877
4.4 0.221385387189488
4.5 0.212290287360133
4.6 0.203542081679365
4.7 0.195129572329119
4.8 0.187041748904908
4.9 0.179267803684349
5 0.171797144296733
5.1 0.164619404081953
5.2 0.157724450396663
5.3 0.151102391098458
5.4 0.144743579414856
5.5 0.138638617382415
5.6 0.132778358022231
5.7 0.127153906400961
5.8 0.121756619711254
5.9 0.116578106491773
6 0.111610225094713
6.1 0.106845081497683
6.2 0.102275026546938
6.3 0.0978926527099884
6.4 0.0936907904076299
6.5 0.0896625039881679
6.6 0.0858010874001229
6.7 0.0821000596137983
6.8 0.078553159836798
6.9 0.0751543425637878
7 0.0718977724964651
7.1 0.0687778193657997
7.2 0.065789052685071
7.3 0.0629262364590432
7.4 0.0601843238717348
7.5 0.0575584519726364
7.6 0.055043936378878
7.7 0.0526362660087237
7.8 0.0503310978598533
7.9 0.0481242518441601
8 0.0460117056892314
8.1 0.0439895899152727
8.2 0.0420541828949662
8.3 0.0402019060026141
8.4 0.0384293188578885
8.5 0.0367331146685893
8.6 0.035110115675981
8.7 0.033557268705538
8.8 0.0320716408252653
8.9 0.0306504151131644
9 0.0292908865348883
9.1 0.0279904579321571
9.2 0.0267466361220885
9.3 0.0255570281072251
9.4 0.0244193373957173
9.5 0.0233313604308315
9.6 0.0222909831287018
9.7 0.0212961775230248
9.8 0.0203449985152084
9.9 0.0194355807283202
10 0.0185661354630432
10.1 0.0177349477537281
10.2 0.0169403735225339
10.3 0.0161808368295659
10.4 0.0154548272168578
10.5 0.0147608971439907
10.6 0.014097659513106
10.7 0.0134637852810407
10.8 0.0128580011562976
10.9 0.0122790873785552
11 0.0117258755784214
11.1 0.011197246715144
11.2 0.0106921290900036
11.3 0.0102094964331336
11.4 0.00974836606153691
11.5 0.00930779710609637
11.6 0.00888688880540862
11.7 0.00848477886430508
11.8 0.0081006418749624
11.9 0.00773368779854447
12 0.00738316050535977
12.1 0.00704833637156134
12.2 0.00672852293046136
12.3 0.00642305757657794
12.4 0.00613130632057795
12.5 0.00585266259332673
12.6 0.00558654609730239
12.7 0.0053324017036798
12.8 0.00508969839343651
12.9 0.00485792824087997
13 0.00463660543804172
13.1 0.00442526535843111
13.2 0.00422346365868636
13.3 0.00403077541670613
13.4 0.0038467943048895
13.5 0.00367113179715575
13.6 0.00350341640845833
13.7 0.00334329296555007
13.8 0.00319042190779732
13.9 0.00304447861688171
14 0.00290515277426744
14.1 0.00277214774535073
14.2 0.0026451799892456
14.3 0.00252397849319688
14.4 0.00240828423064715
14.5 0.0022978496420188
14.6 0.00219243813730654
14.7 0.0020918236196082
14.8 0.00199579002875364
14.9 0.00190413090422263
15 0.00181664896657232
15.1 0.00173315571662416
15.2 0.00165347105168817
15.3 0.00157742289812982
15.4 0.00150484685961105
15.5 0.0014355858803625
15.6 0.00136948992286872
15.7 0.00130641565937207
15.8 0.00124622617662367
15.9 0.00118879069333259
16 0.00113398428978532
16.1 0.00108168764912887
16.2 0.00103178680983024
16.3 0.00098417292884491
16.4 0.00093874205504504
16.5 0.000895394912476286
16.6 0.000854036693029365
16.7 0.000814576858129063
16.8 0.000776928949059409
16.9 0.000741010405559228
17 0.000706742392337028
17.1 0.000674049633168532
17.2 0.000642860252253898
17.3 0.000613105622524853
17.4 0.000584720220604732
17.5 0.000557641488136602
17.6 0.000531809699206419
17.7 0.000507167833599469
17.8 0.000483661455639179
17.9 0.000461238598367847
18 0.000439849652838829
18.1 0.000419447262299358
18.2 0.000399986221052437
18.3 0.000381423377795073
18.4 0.000363717543238699
18.5 0.000346829401825753
18.6 0.00033072142736429
18.7 0.000315357802409989
18.8 0.000300704341232175
18.9 0.000286728416207403
19 0.000273398887490801
19.1 0.000260686035821753
19.2 0.000248561498326629
19.3 0.000236998207187122
19.4 0.000225970331048396
19.5 0.000215453219046633
19.6 0.000205423347340743
19.7 0.000195858268037948
19.8 0.000186736560407728
19.9 0.000178037784283128
20 0.000169742435552826
20.1 0.000161831903651522
20.2 0.000154288430960214
20.3 0.000147095074031764
20.4 0.000140235666560843
20.5 0.000133694784020836
20.6 0.00012745770989369
20.7 0.000121510403421888
20.8 0.000115839468814849
20.9 0.000110432125844984
21 0.000105276181771498
21.1 0.000100360004532717
21.2 9.56724971503448e-05
21.3 9.12030732914988e-05
21.4 8.69416339367871e-05
21.5 8.28785451049548e-05
21.6 7.90046165867983e-05
21.7 7.531108164314e-05
21.8 7.17895776236468e-05
21.9 6.84321274651849e-05
22 6.523112203023e-05
22.1 6.21793032475969e-05
22.2 5.92697480194269e-05
22.3 5.64958528599668e-05
22.4 5.38513192332019e-05
22.5 5.13301395578742e-05
22.6 4.89265838498053e-05
22.7 4.66351869727907e-05
22.8 4.44507364706065e-05
22.9 4.23682609538921e-05
23 4.03830190168474e-05
23.1 3.84904886597935e-05
23.2 3.66863571947236e-05
23.3 3.4966511611986e-05
23.4 3.33270293872237e-05
23.5 3.17641697086263e-05
23.6 3.0274365105444e-05
23.7 2.88542134595683e-05
23.8 2.75004703827982e-05
23.9 2.62100419431924e-05
24 2.4979977724652e-05
24.1 2.38074642045923e-05
24.2 2.26898184352426e-05
24.3 2.16244820147614e-05
24.4 2.06090153349816e-05
24.5 1.96410920931882e-05
24.6 1.87184940559029e-05
24.7 1.78391060631923e-05
24.8 1.7000911262532e-05
24.9 1.6201986561757e-05
25 1.54404982911013e-05
25.1 1.47146980647802e-05
25.2 1.40229188330024e-05
25.3 1.33635711157105e-05
25.4 1.27351394097433e-05
25.5 1.21361787614886e-05
25.6 1.15653114974555e-05
25.7 1.10212241055399e-05
25.8 1.05026642600815e-05
25.9 1.00084379841275e-05
26 9.53740694261598e-06
26.1 9.08848586047582e-06
26.2 8.66064005991768e-06
26.3 8.25288311144554e-06
26.4 7.86427459337147e-06
26.5 7.49391795485197e-06
26.6 7.14095847769152e-06
26.7 6.804581332376e-06
26.8 6.48400972400509e-06
26.9 6.17850312399079e-06
27 5.88735558357766e-06
27.1 5.60989412542017e-06
27.2 5.34547720962531e-06
27.3 5.09349327083189e-06
27.4 4.85335932305524e-06
27.5 4.62451962917555e-06
27.6 4.40644443209094e-06
27.7 4.19862874469251e-06
27.8 4.00059119594916e-06
27.9 3.81187293051393e-06
28 3.63203655938228e-06
28.1 3.46066515924627e-06
28.2 3.297361318296e-06
28.3 3.14174622632364e-06
28.4 2.99345880708308e-06
28.5 2.85215489095293e-06
28.6 2.71750642603948e-06
28.7 2.58920072594267e-06
28.8 2.46693975248913e-06
28.9 2.35043943181473e-06
29 2.23942900225337e-06
29.1 2.13365039255966e-06
29.2 2.03285762906104e-06
29.3 1.93681627039953e-06
29.4 1.84530286858488e-06
29.5 1.75810445514007e-06
29.6 1.67501805117585e-06
29.7 1.59585020028521e-06
29.8 1.52041652319924e-06
29.9 1.44854129319511e-06
30 1.38005703129325e-06
30.1 1.31480412032537e-06
30.2 1.2526304369972e-06
30.3 1.19339100111058e-06
30.4 1.13694764114774e-06
30.5 1.08316867545791e-06
30.6 1.0319286083211e-06
30.7 9.83107840197616e-07
30.8 9.36592391504014e-07
30.9 8.92273639286301e-07
31 8.50048066190744e-07
31.1 8.0981702116008e-07
31.2 7.71486491309605e-07
31.3 7.3496688446282e-07
31.4 7.00172821850379e-07
31.5 6.67022940499212e-07
31.6 6.3543970486046e-07
31.7 6.05349227245921e-07
31.8 5.76681096662599e-07
31.9 5.49368215653992e-07
32 5.23346644774942e-07
32.1 4.98555454344151e-07
32.2 4.74936583135025e-07
32.3 4.5243470368125e-07
32.4 4.30997093888521e-07
32.5 4.1057351465821e-07
32.6 3.91116093242415e-07
32.7 3.72579212062863e-07
32.8 3.54919402738594e-07
32.9 3.38095245079208e-07
33 3.2206727081177e-07
33.1 3.06797871820255e-07
33.2 2.92251212686708e-07
33.3 2.78393147333095e-07
33.4 2.65191139572207e-07
33.5 2.52614187384856e-07
33.6 2.40632750749182e-07
33.7 2.29218682855917e-07
33.8 2.18345164551271e-07
33.9 2.07986641856453e-07
34 1.98118766419857e-07
34.1 1.88718338764697e-07
34.2 1.79763254201247e-07
34.3 1.71232451278943e-07
34.4 1.6310586265944e-07
34.5 1.55364368297249e-07
34.6 1.47989750819893e-07
34.7 1.4096465300452e-07
34.8 1.34272537252781e-07
34.9 1.27897646970323e-07
35 1.21824969761633e-07
35.1 1.16040202355151e-07
35.2 1.10529717177524e-07
35.3 1.05280530499681e-07
35.4 1.00280272081022e-07
35.5 9.55171562414377e-08
35.6 9.09799542942024e-08
35.7 8.66579682758745e-08
35.8 8.25410059123497e-08
35.9 7.8619356763051e-08
36 7.48837694879547e-08
36.1 7.13254301847438e-08
36.2 6.79359417458374e-08
36.3 6.47073041874079e-08
36.4 6.16318959047358e-08
36.5 5.87024558103839e-08
36.6 5.59120663137254e-08
36.7 5.32541371022848e-08
36.8 5.07223896872172e-08
36.9 4.83108426770111e-08
37 4.60137977451837e-08
37.1 4.38258262593415e-08
37.2 4.1741756540512e-08
37.3 3.97566617231047e-08
37.4 3.78658481872561e-08
37.5 3.60648445366322e-08
37.6 3.43493910960315e-08
37.7 3.27154299043281e-08
37.8 3.11590951794475e-08
37.9 2.96767042331626e-08
38 2.82647488145325e-08
38.1 2.69198868618113e-08
38.2 2.5638934643592e-08
38.3 2.44188592708597e-08
38.4 2.32567715624877e-08
38.5 2.21499192475276e-08
38.6 2.10956804884322e-08
38.7 2.00915577100901e-08
38.8 1.91351717202639e-08
38.9 1.82242561077014e-08
39 1.73566519048333e-08
39.1 1.65303025025875e-08
39.2 1.57432488054354e-08
39.3 1.49936246153442e-08
39.4 1.42796522338445e-08
39.5 1.35996382719254e-08
39.6 1.29519696579584e-08
39.7 1.2335109834309e-08
39.8 1.17475951337349e-08
39.9 1.11880313270908e-08
40 1.06550903342559e-08
40.1 1.01475070905824e-08
40.2 9.66407656152777e-09
40.3 9.20365089847309e-09
40.4 8.76513672906718e-09
40.5 8.34749257574341e-09
40.6 7.94972639635883e-09
40.7 7.5708932411896e-09
40.8 7.21009302078728e-09
40.9 6.86646837946107e-09
41 6.53920266939692e-09
41.1 6.22751802065938e-09
41.2 5.93067350254696e-09
41.3 5.64796337198463e-09
41.4 5.37871540484068e-09
41.5 5.12228930624961e-09
41.6 4.87807519620669e-09
41.7 4.64549216687685e-09
41.8 4.42398690822753e-09
41.9 4.21303239875577e-09
42 4.01212665823169e-09
42.1 3.82079155952594e-09
42.2 3.6385716967274e-09
42.3 3.46503330688839e-09
42.4 3.29976324286155e-09
42.5 3.14236799481105e-09
42.6 2.99247275809585e-09
42.7 2.84972054533102e-09
42.8 2.71377134053654e-09
42.9 2.58430129338229e-09
43 2.46100195163157e-09
43.1 2.34357952997507e-09
43.2 2.23175421353318e-09
43.3 2.12525949438509e-09
43.4 2.0238415395615e-09
43.5 1.9272585890109e-09
43.6 1.83528038212051e-09
43.7 1.74768761143935e-09
43.8 1.66427140231549e-09
43.9 1.58483281721978e-09
44 1.50918238358699e-09
44.1 1.43713964406022e-09
44.2 1.36853272807716e-09
44.3 1.30319794378713e-09
44.4 1.2409793893355e-09
44.5 1.18172858259771e-09
44.6 1.12530410848858e-09
44.7 1.07157128301389e-09
44.8 1.02040183327071e-09
44.9 9.71673592640333e-10
45 9.25270210453728e-10
45.1 8.81080875443243e-10
45.2 8.39000052326945e-10
45.3 7.98927230902817e-10
45.4 7.60766687059635e-10
45.5 7.24427255139253e-10
45.6 6.89822111112016e-10
45.7 6.56868566052313e-10
45.8 6.25487869425674e-10
45.9 5.95605021721969e-10
46 5.67148595991245e-10
46.1 5.4005056785979e-10
46.2 5.14246153624069e-10
46.3 4.89673656039103e-10
46.4 4.66274317436191e-10
46.5 4.43992179822066e-10
46.6 4.22773951628109e-10
46.7 4.02568880793949e-10
46.8 3.83328633884711e-10
46.9 3.65007180955479e-10
47 3.47560685890077e-10
47.1 3.30947401954221e-10
47.2 3.15127572315433e-10
47.3 3.00063335293851e-10
47.4 2.85718634119206e-10
47.5 2.72059130979986e-10
47.6 2.59052125160846e-10
47.7 2.46666475074115e-10
47.8 2.3487252400034e-10
47.9 2.23642029361689e-10
48 2.12948095360334e-10
48.1 2.02765108821911e-10
48.2 1.93068678091768e-10
48.3 1.83835574838908e-10
48.4 1.75043678629414e-10
48.5 1.66671924137763e-10
48.6 1.58700250870594e-10
48.7 1.5110955528353e-10
48.8 1.4388164517726e-10
48.9 1.36999196264539e-10
49 1.30445710804876e-10
49.1 1.24205478208587e-10
49.2 1.18263537516576e-10
49.3 1.12605641666636e-10
49.4 1.07218223461297e-10
49.5 1.02088363156312e-10
49.6 9.72037575926675e-11
49.7 9.25526907987259e-11
49.8 8.81240059925386e-11
49.9 8.39070789177319e-11
50 7.98917924495148e-11
